0.000000000000000000e+00 1.521125589818276502e+01 1.383198196210506836e+01 1.882955976649480689e+01 2.659176342403790372e+01 2.410202294414309065e+01 1.264963770232175477e+01 2.101022029870225083e+01 2.261798861525931414e+01 1.261216948030750018e+01 1.025518156835850547e+01 2.839067265846302490e+01 3.790466117774963806e+01 3.763378909969072339e+01 3.570021796852226714e+01 2.306408623813221936e+01 2.480656596548583082e+01 1.674138064796329672e+01 1.830669074409681230e+01 2.750558303326798892e+01 2.605608679368411984e+01 4.006939730018408419e+00 3.133810833474158386e+01 2.887014648386807281e+01 1.804482798477170391e+01 2.380423262783322969e+01 1.951475777456640870e+01 2.464497703387041128e+01 2.381883905651154976e+01 2.308561452506733858e+01 1.481363520544501533e+01 3.500475889075655545e+01 3.610370093217591858e+01 1.629760381160371452e+01 1.271372588976181817e+01 1.867305850684348911e+01 2.551461287184267945e+01 1.969348006320873523e+01 1.372573149234677459e+01 1.543841190019232457e+01 3.113350471758680271e+01 2.423738610081541012e+01 2.167499271049473819e+01 2.036646596736900960e+01 2.245483889944437195e+01 1.654439134570988301e+01 1.525512405718157360e+01 1.105567930974845048e+01 1.543478901702255257e+01 1.129729038309629274e+01 1.069521350885525912e+01 1.718144877476867549e+01 2.785995398416874735e+01 1.642602870446779662e+01 2.112834006731243619e+01 3.118271216555737979e+01 2.887114145647864305e+01 3.062071627183139810e+01 1.657598337957660917e+01 1.881786239188713239e+01 2.359308275745244643e+01 2.552091728367144796e+01 1.261457522075158799e+01 1.434997121948333643e+01 1.585744749321276892e+01 2.522402047652197510e+01 2.192023161373985118e+01 2.085000532374033000e+01 1.851076943295442589e+01 3.175531826324529305e+01 3.288340551098684728e+01 1.824621530619432264e+01 2.143524653462142737e+01 2.990267663604714699e+01 2.281555112198694957e+01 2.050813560516898804e+01 2.934546346541489115e+01 2.424510385624281383e+01 2.505135788734814284e+01 2.558269905619811979e+01 2.895171355895882215e+01 2.300698131002848612e+01 1.969841430166398055e+01 2.165998644967258713e+01 1.189530878119605539e+01 1.474154645890314974e+01 2.233555322798161669e+01 2.970266425760490847e+01 2.806064120792680328e+01 2.880997476569530136e+01 1.371049546880053605e+01 3.406939014716876102e+01 1.198617949974052443e+01 2.881831363907333454e+01 3.077733641821527044e+01 3.348833281905805137e+01 1.473781785068603689e+01 1.713053498872699976e+01 1.844097714330778004e+01 9.724419211449083278e+00 2.858850919512942568e+01 1.982035746398132048e+01 2.599168894089031667e+01 2.466795640096682618e+01 2.200715054249413782e+01 3.577210385202413079e+01 3.730860415507393668e+01 1.261859243338970593e+01 1.374182244100104811e+01 2.194449245254945779e+01 1.561699900749180259e+01 2.308828772343241553e+01 2.074912634305357884e+01 1.827700484215069565e+01 1.937544887221970669e+01 4.090427073057286123e+01 2.540964690821184746e+01 2.351780848633647381e+01 1.193204265832133082e+01 9.669687326899458313e+00 2.636492943286592805e+01 2.008962879199115648e+01 2.148708118847229542e+01 2.309036998404312868e+01 2.278361990553739957e+01 1.613031806877967256e+01 1.541552337742705525e+01 6.773743868792205802e+00 2.741376929573895538e+01 1.960261842203739846e+01 1.687810723985364447e+01 1.120206556845655932e+01 1.817406869690989168e+01 1.957877322510274354e+01 1.931473077731087429e+01
1.521125589818276502e+01 0.000000000000000000e+00 1.659374041619308926e+01 2.933748198124713014e+01 1.889451153112987924e+01 1.700455897693321461e+01 9.528462310362570520e+00 1.860035636755382171e+01 2.108713434774862705e+01 1.782894918384143068e+01 1.676845457995458943e+01 4.162535205857122378e+01 2.612678099192473979e+01 2.662248121419189317e+01 2.432315088552467941e+01 2.807787598804439355e+01 2.883841120797052326e+01 2.780045294595036154e+01 2.914517888090584563e+01 4.194888177293883302e+01 4.034497090096856198e+01 1.708293622302676695e+01 4.164032545502016802e+01 3.930777218311920507e+01 2.297471050960163907e+01 9.766401230750251017e+00 1.424513281791363184e+01 1.644242856149905663e+01 1.669739865967151360e+01 1.817761541016862736e+01 1.413744948708924554e+01 4.751653818408912855e+01 4.816466666551321651e+01 1.678276270463239328e+01 2.171944023219750974e+01 1.888754467896766798e+01 1.925005168824229429e+01 1.484014545076967728e+01 1.586210915988160508e+01 1.743656164500329453e+01 4.431884644256886929e+01 3.071198966201962222e+01 3.205288394201058821e+01 2.995123753703676073e+01 1.219917956257715019e+01 2.582976927887665042e+01 2.442403443331997792e+01 2.553090521309419003e+01 2.937103985220816327e+01 1.303262360386426444e+01 1.060329656286194755e+01 3.049458010860290713e+01 1.836819179995679363e+01 1.111609234398491353e+01 9.393763569517810552e+00 1.973589587528268297e+01 3.861101667918108404e+01 2.024305280830932219e+01 7.194383156324104966e+00 8.137502995391153959e+00 3.359414645440482161e+01 3.597135289365692046e+01 2.420829440501746532e+01 1.870579305990526819e+01 3.091218068981869749e+01 3.344914667072988124e+01 3.393521404087500315e+01 1.835803633289791748e+01 1.659538402689133463e+01 1.827839407606696653e+01 1.939888414316658682e+01 1.689607939730397845e+01 3.624984794450868009e+01 4.352893538785436789e+01 3.403581341763407409e+01 1.103124897733706256e+01 1.610167426077176600e+01 1.927336491119285355e+01 1.389281145053081090e+01 1.537429364231085493e+01 3.617025355177926116e+01 1.026375072768235164e+01 2.524730920316064342e+01 2.591928106641848828e+01 8.161760900688035392e+00 2.686651949918336513e+01 1.170888115918852357e+01 2.190940797922207750e+01 3.902372177278840581e+01 2.007822950361908809e+01 1.358223067099068260e+01 4.562365707612663357e+01 1.140919072502515341e+01 1.444779910574617610e+01 1.614457051147536859e+01 2.464872144757208261e+01 7.186480432033471644e+00 8.090470629079620224e+00 4.193442261436301166e+00 1.645764433325741649e+01 4.075378595909832313e+01 2.869967780306949479e+01 1.103781291742163795e+01 1.006299523004955176e+01 3.085802555252037038e+01 2.235120054941121026e+01 2.427563704622393814e+01 1.211746281199162567e+01 1.026057863865386466e+01 1.397815914203297361e+01 2.284746322898890369e+01 3.404452787159780769e+01 3.219517283693317466e+01 3.138581826239360240e+01 3.182906597749924416e+01 5.307689578338205649e+01 3.589249188897310461e+01 3.387161451717351923e+01 2.607414700426458865e+01 2.373133441254410059e+01 3.840825309747892646e+01 1.278154024364825858e+01 1.368306858858786690e+01 3.517532390753494553e+01 1.079162147223483714e+01 2.378951909980527546e+01 2.948072392259050289e+01 2.127428847223803032e+01 3.423346183195617698e+01 2.631805648219488347e+01 3.649205666991105268e+00 6.363831943098434252e+00 2.548881894086111188e+01 2.628690337411388711e+01 2.795489128936114653e+01
1.383198196210506836e+01 1.659374041619308926e+01 0.000000000000000000e+00 2.719447822628703904e+01 1.688222814085865764e+01 1.469761868467133681e+01 2.110554024421075781e+01 1.321550687639335209e+01 1.433366226754348993e+01 5.901487439620624720e+00 7.000333849181765267e+00 3.681215572334768638e+01 2.886158613104969461e+01 2.771791599309010223e+01 2.621784197831698293e+01 3.432974379455809100e+01 3.610846673565633580e+01 2.759008700602446496e+01 2.974818349076124591e+01 3.476413673600999488e+01 3.403304855577884069e+01 1.728899190236376882e+01 3.899609556096609708e+01 3.652579476205822573e+01 2.729178341552636411e+01 1.965096297894838528e+01 1.135189966481381596e+01 1.911106506712799558e+01 1.719114391190999314e+01 1.252701732257124512e+01 1.117093429396127036e+01 4.066969510581559177e+01 4.118052945264303588e+01 4.496014346062520595e+00 2.642978057040958362e+01 6.207594461625212112e+00 1.707302214020704767e+01 1.282065645745177918e+01 8.057430731939307478e+00 7.172323682043358239e+00 3.747729047036351346e+01 3.418580494883804732e+01 2.592105406807369761e+01 2.457113226939287642e+01 1.471352693952065493e+01 2.635349635247664679e+01 2.601245384426467311e+01 2.316912126085061274e+01 2.480854403224824267e+01 1.017083059538403766e+01 9.977607779422880796e+00 2.640592692938462349e+01 2.147668645298897161e+01 1.842151768991903893e+01 1.534165502806004433e+01 2.506609109933178203e+01 3.320527343660943131e+01 2.080270871785690900e+01 1.731902797503370195e+01 1.963138074614213124e+01 2.487418800684757869e+01 2.683457050150048673e+01 2.335521596988561299e+01 2.231000087404749621e+01 2.271843273643672845e+01 2.846674294681427142e+01 2.680163556576351880e+01 7.710378525079038425e+00 5.756482432875132282e+00 2.678635348456374032e+01 2.705839782766156532e+01 1.657951440784681196e+01 2.805203680662065580e+01 3.661562269032168615e+01 2.921922343252811416e+01 1.393834032444322268e+01 2.294117719298641234e+01 1.504244946808863226e+01 1.895667262469867254e+01 1.812318255715590354e+01 2.864039757056455571e+01 1.899847557042406621e+01 3.186194236075384012e+01 3.346094048289737088e+01 1.477833975790244203e+01 1.590132878095412394e+01 2.365262021425956362e+01 2.032096968650856539e+01 3.433978013907486115e+01 2.032242015607393171e+01 5.690905991140601472e+00 3.825342559823891264e+01 6.907243589160583674e+00 2.411307126850497085e+01 2.625234050518162832e+01 2.204223241870024452e+01 1.273969897603549839e+01 1.459330031212953394e+01 1.894096415180599990e+01 2.262914346589371206e+01 3.501954958305432086e+01 1.865785049248707139e+01 2.440925601078410523e+01 2.219664677378094453e+01 1.995145583660500677e+01 2.869379809296775719e+01 2.944837735767456977e+01 4.715554050162079847e+00 6.799922720149104372e+00 1.244556121675515392e+01 6.914342557322424199e+00 3.360130808465646624e+01 3.147623435228553390e+01 2.501658771695292316e+01 2.638157868665178896e+01 4.583151087407003388e+01 3.377286456609802912e+01 3.253535555361274589e+01 2.127268358717348207e+01 1.894797899513296358e+01 3.128784986220689746e+01 1.206220087712022782e+01 1.238673052100512884e+01 3.164374473730945425e+01 1.697723419759531893e+01 1.226184676139773089e+01 2.246337610422796516e+01 1.503836563593264941e+01 2.635051957742010131e+01 2.782821740607903038e+01 1.550059705301702095e+01 1.344140610204155628e+01 2.889535703188316518e+01 3.079170238879299148e+01 2.094570003604558295e+01
1.882955976649480689e+01 2.933748198124713014e+01 2.719447822628703904e+01 0.000000000000000000e+00 3.573820170349929271e+01 3.351331468237661682e+01 2.320570126068160732e+01 2.690929750104970708e+01 2.734929355577580523e+01 2.204489342228716708e+01 2.027799092612480791e+01 1.387125037622780432e+01 5.231641576025635487e+01 4.824000349295177870e+01 4.681334478543485034e+01 1.553063813885314737e+01 1.800846939637014188e+01 5.614999999999999325e+00 7.497858961063482930e+00 1.756055742281548504e+01 1.554431130671281913e+01 1.978378879284754177e+01 1.265493868021493107e+01 1.020506761369076187e+01 1.120682336793080580e+01 3.689510040642252875e+01 2.902046081646533793e+01 3.114619902973715782e+01 3.068129245973839403e+01 3.229549493350426559e+01 2.208164869297580069e+01 1.928374304952231455e+01 2.003240300113793637e+01 2.731573833891370384e+01 2.031914675866090647e+01 2.885377994301613214e+01 3.237345905213095421e+01 2.761054591999223717e+01 2.203284107871701636e+01 2.378579443701638851e+01 1.674688415795607099e+01 1.126054039555828723e+01 8.256847219126681736e+00 7.680626341646885180e+00 3.703231714327365864e+01 5.008308696556153627e+00 7.272028671560637925e+00 1.477655054469749984e+01 8.971746374034433202e+00 2.025858171244966499e+01 2.179042057877726890e+01 7.036265557808347282e+00 3.481818043781150607e+01 2.246493547731664364e+01 3.421566461432540507e+01 4.774727913714036731e+01 1.218177285948149624e+01 4.243230366124375763e+01 2.602438994481907031e+01 2.759986764461018183e+01 1.369893882751507341e+01 1.495677458545123528e+01 7.019033907882194612e+00 1.226970989877103690e+01 1.776420203668039832e+01 1.090499720311747822e+01 9.423049665580672141e+00 3.348247988127521779e+01 3.112994355921642153e+01 4.714247480775695465e+01 4.782003867627042837e+01 2.096025567592151262e+01 1.664027430663329099e+01 1.666928747727388682e+01 6.163872646315788906e+00 3.177906866162065569e+01 4.349877866101530088e+01 3.140971063222327686e+01 3.483811942398728689e+01 3.542982012373192902e+01 1.793526657175744177e+01 3.378816180261956248e+01 1.602492187188443040e+01 1.765394114638428391e+01 2.974901615179903658e+01 1.620155723996924735e+01 2.908397979988295745e+01 3.723325944636059148e+01 1.033146872424245366e+01 3.665378164664596028e+01 2.513788950966250013e+01 1.835346964472930509e+01 2.432316833802701694e+01 4.226745970601970726e+01 4.357727765705425327e+01 4.521683418816492406e+01 3.173682980387297548e+01 3.417382954835468922e+01 3.047004642267549812e+01 1.873670237795327864e+01 1.231691239718785980e+01 1.590587976189937081e+01 3.751572018501043715e+01 3.628484650649634347e+01 1.776963865699018541e+01 4.967371396422860386e+01 5.101100568504800492e+01 2.785623409579980958e+01 2.870192601551331180e+01 3.426879636053767797e+01 2.684707568805213640e+01 7.749536953908924275e+00 6.856327953066423397e+00 8.262812414668507799e+00 6.276962163339844025e+00 2.480889366739274848e+01 6.821277373043851178e+00 5.358422622376850519e+00 1.023808678416040685e+01 1.120721116067686118e+01 1.194626305586814219e+01 3.616461433500984413e+01 3.668493689513449141e+01 6.564607299755256697e+00 3.473641986445926477e+01 1.891918766755063430e+01 1.102798340586346626e+01 1.546054523618103183e+01 1.806932134862845274e+01 7.358445623907265087e+00 3.010575727331900353e+01 2.837263787524875269e+01 9.426020050901652070e+00 1.160209558657400386e+01 1.162164110614331491e+01
2.659176342403790372e+01 1.889451153112987924e+01 1.688222814085865764e+01 3.573820170349929271e+01 0.000000000000000000e+00 2.501406804180398957e+00 2.612761814632171919e+01 9.522752175710548883e+00 1.057464349280863480e+01 1.781727310785800356e+01 1.922904253986661871e+01 4.791372072799189397e+01 1.998349631571012353e+01 1.285273480625816234e+01 1.189510828029741063e+01 3.985071399611304344e+01 4.107609856108537372e+01 3.715943872019597904e+01 3.928382743572728231e+01 4.771438064147955771e+01 4.673245455783379043e+01 3.024480831481660914e+01 4.642888883012386003e+01 4.422490605982108747e+01 3.227301474916776414e+01 1.376804768295054870e+01 7.261295270129151547e+00 8.151724418796305827e+00 6.570443059642172123e+00 4.926168896820326992e+00 1.388558583567866478e+01 5.034495981724487024e+01 5.017397398054094992e+01 1.308798433678769157e+01 3.741252391913702269e+01 1.241172244291661464e+01 4.633974320170536565e+00 8.196998658045517416e+00 1.505838640093950964e+01 1.427811766305348762e+01 4.828685715595911887e+01 3.964125440749825913e+01 3.408440656663981372e+01 3.206684072371333372e+01 1.176449267924460962e+01 3.432434909797999012e+01 3.425338669387306112e+01 3.669653023107225209e+01 3.717996694457917073e+01 1.668261861938946211e+01 1.642763908782999849e+01 3.795967020404683012e+01 7.481905505952344271e+00 1.795101515235280232e+01 1.067652265487223140e+01 2.240206999364121287e+01 3.981633547929794048e+01 8.149024788279884746e+00 1.628640859735503454e+01 1.686086181071418366e+01 3.286075632118042478e+01 3.509896022676455374e+01 3.350790309762757602e+01 2.736673250499591248e+01 3.790050491748097983e+01 3.383980072340852274e+01 3.680362349008586165e+01 1.158542903823591708e+01 1.180954651965942404e+01 2.156311967225521897e+01 2.038724782799286928e+01 1.563563075158785942e+01 4.211320778568167356e+01 4.813111611005919599e+01 3.805406528874411265e+01 7.865554525905976924e+00 1.548481643417189524e+01 5.203004228328090619e+00 7.543107980136570134e+00 5.136155858227046345e+00 3.251574311006901041e+01 1.129601049043422201e+01 3.861333888697013350e+01 3.924818325731778401e+01 2.337994022661306559e+01 2.901809115017733376e+01 1.892487685560992006e+01 3.927630074230515245e+00 4.248130557080372682e+01 4.009639135882429706e+00 1.350437114418883056e+01 4.669432394842010581e+01 1.465989034747531683e+01 1.648865406878318041e+01 1.737106090600110875e+01 1.042364835362360331e+01 1.887987100061862122e+01 1.924846334126441150e+01 1.753281106953474122e+01 3.186848959395471326e+01 4.457246605248580806e+01 2.692319813840844134e+01 1.788335304130631798e+01 1.549005936076424561e+01 2.797674579003069084e+01 1.917421899322108203e+01 1.918588142358854753e+01 1.612378085313739007e+01 1.456965524643599785e+01 6.782039000182761512e+00 2.254717840440351040e+01 4.278535606957128579e+01 4.124116799994878590e+01 3.645096819015922307e+01 3.688350478194826110e+01 5.475527486918497289e+01 4.184406583973407123e+01 4.072630700174028107e+01 3.400039340948865885e+01 3.168585796534472721e+01 4.089790715916891628e+01 1.506527374460882562e+01 1.282774687932374214e+01 4.152483760353554487e+01 9.483869147136097411e+00 2.198131599791058832e+01 3.538967336667576546e+01 2.911011016811856322e+01 3.010911504843674535e+01 3.329231243095018300e+01 1.531508125998683667e+01 2.133244667167833342e+01 3.573878801806239380e+01 3.741879745528976997e+01 2.807852868296342663e+01
2.410202294414309065e+01 1.700455897693321461e+01 1.469761868467133681e+01 3.351331468237661682e+01 2.501406804180398957e+00 0.000000000000000000e+00 2.400022987389912288e+01 7.775487701745787739e+00 9.231885018781376573e+00 1.549547769512124695e+01 1.681360368868018895e+01 4.566319522328677749e+01 2.109714058824085825e+01 1.503263449964775944e+01 1.384456055640625927e+01 3.775409034793448626e+01 3.903284208202114058e+01 3.481539696743381995e+01 3.693982152095485816e+01 4.543124444696623243e+01 4.442121624854502215e+01 2.777355695621286458e+01 4.441780726240321542e+01 4.217650473901316133e+01 3.016865964871492167e+01 1.303443412657411926e+01 4.783102026927712913e+00 7.494378893544147324e+00 5.568022090473419894e+00 3.316512626238591110e+00 1.153759741020633811e+01 4.834026308368625990e+01 4.824673279093622114e+01 1.090875437435457229e+01 3.500008237133164357e+01 1.052173075116446732e+01 4.324477540697834854e+00 5.986728238361918919e+00 1.267764209149319576e+01 1.202010083152383579e+01 4.616168179345288536e+01 3.758465116240937220e+01 3.204789632721623605e+01 3.002807509648262396e+01 1.082424186721638293e+01 3.205864508989736095e+01 3.194679965192131732e+01 3.419876715614175566e+01 3.477364545169228904e+01 1.422941657272004967e+01 1.395450701386473114e+01 3.559208920532763187e+01 7.947869274214315993e+00 1.601900649228909046e+01 9.413884426739050681e+00 2.226959092574445975e+01 3.797296716086326285e+01 9.563021541333052156e+00 1.439770262923915212e+01 1.524352888933530359e+01 3.098625627596853960e+01 3.325605943283118648e+01 3.111254547606158383e+01 2.519140893241185708e+01 3.550721618206642916e+01 3.203712560452326130e+01 3.467986335036514589e+01 1.014999635467914807e+01 9.943130543244416586e+00 2.157844642229833809e+01 2.067167351715869472e+01 1.375286839172105147e+01 3.978454214893015717e+01 4.594719628007785417e+01 3.593259808307771408e+01 6.087427699775989964e+00 1.565260796161457613e+01 4.194030638896191654e+00 7.221009486214515327e+00 5.161259633074083197e+00 3.105144057849812711e+01 1.039567395602613153e+01 3.640855273146681981e+01 3.712232235461569729e+01 2.129540976360868143e+01 2.678875932177523822e+01 1.768404229807201133e+01 5.977812476148779197e+00 4.046113833050177533e+01 5.662206813601919464e+00 1.105209283348633420e+01 4.482696296873122321e+01 1.216793955441922925e+01 1.646631595105596091e+01 1.758713657762399762e+01 1.210541486277938539e+01 1.697305820999857318e+01 1.757790240614619037e+01 1.594037653256660114e+01 2.950042069191556493e+01 4.248234021331687416e+01 2.500863071021682416e+01 1.727986064758625062e+01 1.480427732109879280e+01 2.618409045584742145e+01 2.004148332833675283e+01 2.030731282075499067e+01 1.385443427210219980e+01 1.232672129968062613e+01 5.357655924002585834e+00 2.053580098267413589e+01 4.051212393839651327e+01 3.892099718660867325e+01 3.416883138183101210e+01 3.463552842097259088e+01 5.287752961324876821e+01 3.971482174201465654e+01 3.854978731458839292e+01 3.156423007139569137e+01 2.923442852186441954e+01 3.884854517224550818e+01 1.371770392594912380e+01 1.168615548416158845e+01 3.928582255725339678e+01 8.558538777151156296e+00 1.991661489811961161e+01 3.302972160040106075e+01 2.663980867048410417e+01 2.864281663873160255e+01 3.120981888765136603e+01 1.351135988714681524e+01 1.918757955032369367e+01 3.352519114039471049e+01 3.522423056647227924e+01 2.609659466290573349e+01
1.264963770232175477e+01 9.528462310362570520e+00 2.110554024421075781e+01 2.320570126068160732e+01 2.612761814632171919e+01 2.400022987389912288e+01 0.000000000000000000e+00 2.279505742480154495e+01 2.504905932365524635e+01 2.017892031303954781e+01 1.818680496953766834e+01 3.529980566518744922e+01 3.559688347313567647e+01 3.521638326120387319e+01 3.303572546501741414e+01 1.910865505471277359e+01 1.975660621159413566e+01 2.055762792736554800e+01 2.137695277629624968e+01 3.669869351897965970e+01 3.474571698785333496e+01 1.320423280618756756e+01 3.504438742509276494e+01 3.284538509440861986e+01 1.552217513752502320e+01 1.869586245670415892e+01 2.021273957186407344e+01 2.157437185644114663e+01 2.207201495106416544e+01 2.469619173071022189e+01 1.665888573704735975e+01 4.218580696158365839e+01 4.303925637136403992e+01 2.172767631386292564e+01 1.413579378740366366e+01 2.410916775834454384e+01 2.504027507836126176e+01 1.986389621902007363e+01 1.851008635852356221e+01 2.079948456092121845e+01 3.893592934552866325e+01 2.266968665420852247e+01 2.802099685949805519e+01 2.599937372322648699e+01 2.148340573559043776e+01 1.885007424388561859e+01 1.697032439289243300e+01 1.989701608282005552e+01 2.390205007943879423e+01 1.447594729197367514e+01 1.285398871945980837e+01 2.467660126516615904e+01 2.431101713215636195e+01 1.104000566123043114e+01 1.832868053079653592e+01 2.881062717123666062e+01 3.397704762041575322e+01 2.907776533710938338e+01 1.046811745253175907e+01 1.127181001436770025e+01 3.101987662773660759e+01 3.328337790849960953e+01 1.773685017132410735e+01 1.260635514333941032e+01 2.749322551102361700e+01 2.958795408608036936e+01 2.973345714847165411e+01 2.530420747622813948e+01 2.306235870417420841e+01 2.716105778499798973e+01 2.846657246666693553e+01 1.780300696511687519e+01 3.201688938669714446e+01 3.812893381672244431e+01 2.878248955528343345e+01 1.864199844437285591e+01 2.541011936217537581e+01 2.498344269711441967e+01 2.121992700270196508e+01 2.289885431631897106e+01 3.410878033586073599e+01 1.777594737278438330e+01 1.593824927650461909e+01 1.659677959725922136e+01 1.222028710792017314e+01 2.550843668279183163e+01 1.333289818456587383e+01 2.866296394303980577e+01 3.344905034526391319e+01 2.686740244236498398e+01 1.800474143107864933e+01 4.100743945920056888e+01 1.552928256552761610e+01 2.322488409013056909e+01 2.449951679115324765e+01 3.346023181330338758e+01 1.473044972158012378e+01 1.625709915698369556e+01 1.099457657211045181e+01 8.430891945695901057e+00 3.524631697071340852e+01 2.765817210156882311e+01 1.788546700536499756e+01 1.759338594472366069e+01 3.010542391330838186e+01 3.147468659097338772e+01 3.348125520347169015e+01 1.759752087653258101e+01 1.673250339907331252e+01 2.214019663417649042e+01 2.580569196902109752e+01 2.642891182020175123e+01 2.474282865801725251e+01 2.673971910847232536e+01 2.676818075626358251e+01 4.788660612321571364e+01 2.922968056616425159e+01 2.693872034822738115e+01 2.125084652431521093e+01 1.938502538043218237e+01 3.385347494718968875e+01 2.141847634636974007e+01 2.251765058792768315e+01 2.884819873059667827e+01 1.926033348620942220e+01 2.437241106251082456e+01 2.531426263986371694e+01 1.852387281321052370e+01 3.267677507037682005e+01 1.969921087251974257e+01 1.227890361555134824e+01 1.110104188803915903e+01 1.739302081295828017e+01 1.768964049945617489e+01 2.550447170595776214e+01
2.101022029870225083e+01 1.860035636755382171e+01 1.321550687639335209e+01 2.690929750104970708e+01 9.522752175710548883e+00 7.775487701745787739e+00 2.279505742480154495e+01 0.000000000000000000e+00 2.513581906363903773e+00 1.097558226245878998e+01 1.230695835696213081e+01 3.878865590607645686e+01 2.877963748903033192e+01 2.231207289787302628e+01 2.138001707202311863e+01 3.319808959865009967e+01 3.478173052049020697e+01 2.900832737335953126e+01 3.128474479678553877e+01 3.883550845553589426e+01 3.786684013751344935e+01 2.496540284073141081e+01 3.721770977639543077e+01 3.502033959001540353e+01 2.510236431095684395e+01 1.838508052742766807e+01 5.452769754904383426e+00 8.908647147575214476e+00 6.712292231421394639e+00 6.319192116085726063e+00 6.682871014766035067e+00 4.086090378344561458e+01 4.065964345638067812e+01 8.915656397596309901e+00 3.208835048736534645e+01 8.703855295212576948e+00 6.221739547747077381e+00 4.116306839874792622e+00 7.653936634177213705e+00 7.146098585941842884e+00 3.893354775768578691e+01 3.195439090328588705e+01 2.463514250009526307e+01 2.265985315486399898e+01 1.661455449297392661e+01 2.616830189370338289e+01 2.650574135918480678e+01 2.965607684775584119e+01 2.880596988473049080e+01 9.987297982938128982e+00 1.110769179442785948e+01 2.935016199273864501e+01 1.157041524751812744e+01 1.374510523786558736e+01 1.447750631151649792e+01 2.879891909429935737e+01 3.034687156858182533e+01 1.732225083526964582e+01 1.428469684662576356e+01 1.572899926886640820e+01 2.341038771571286503e+01 2.569015550750909682e+01 2.554852733524967690e+01 2.025548165312293847e+01 3.033411343685521189e+01 2.443180500904507468e+01 2.746369955049756229e+01 1.223246773958550193e+01 1.097313619709515997e+01 2.824614117007843817e+01 2.769230526698707351e+01 8.095671065452203052e+00 3.372763782122904530e+01 3.889632570050801519e+01 2.873588951120183665e+01 1.039610662700224530e+01 2.263087601044201946e+01 4.603773886715115005e+00 1.261532437157285358e+01 1.159768640721070909e+01 2.330196187019453546e+01 1.471561436026372682e+01 3.233683900754679996e+01 3.321369708418501432e+01 2.230697294569570133e+01 2.074750252440037457e+01 1.819135478737084100e+01 1.086679994294548557e+01 3.306954112170291182e+01 1.104725110604443650e+01 8.726911767630060268e+00 3.718151610679693420e+01 1.021087018818670522e+01 2.285032292988438485e+01 2.401073168397831381e+01 1.924039079644693828e+01 1.926960087806698851e+01 2.076065697419038614e+01 1.802854750111611182e+01 2.673044174719153077e+01 3.515937899053395199e+01 1.766598525415438203e+01 2.167553185045294484e+01 1.931119400762159444e+01 1.887147609488987499e+01 2.755215626770435122e+01 2.798633382563711436e+01 1.386624570675134116e+01 1.326126754876772829e+01 1.120076318828320083e+01 1.763383704699575460e+01 3.427727426444524639e+01 3.282835574621427810e+01 2.748472195602494850e+01 2.778969229768476623e+01 4.524370445708441224e+01 3.281230922992163102e+01 3.189344686608833612e+01 2.592990969903289056e+01 2.382443648861395147e+01 3.145764131335977964e+01 1.804158524077083214e+01 1.670226005665101709e+01 3.248444238400899309e+01 1.403508535777392474e+01 1.337921380350878664e+01 2.689117115337299779e+01 2.197152545910274313e+01 2.089967363381543208e+01 2.516575057493815493e+01 1.581600837759009437e+01 1.997545233530394881e+01 2.828897569725704741e+01 3.027876850203785963e+01 1.859111922397357830e+01
2.261798861525931414e+01 2.108713434774862705e+01 1.433366226754348993e+01 2.734929355577580523e+01 1.057464349280863480e+01 9.231885018781376573e+00 2.504905932365524635e+01 2.513581906363903773e+00 0.000000000000000000e+00 1.177616856197294837e+01 1.335812838686617887e+01 3.881833928699165881e+01 3.013197056284238684e+01 2.308580171880543830e+01 2.239723576694231255e+01 3.453461630017047668e+01 3.619472947819889441e+01 2.986527888702866207e+01 3.220230294559691941e+01 3.877212649571853831e+01 3.792281985823311174e+01 2.660978836819263194e+01 3.713246001815662112e+01 3.498899262625318585e+01 2.632495644820708947e+01 2.068956727435351794e+01 7.713289959543851992e+00 1.060712618950109487e+01 8.423416468393332579e+00 7.363026076281409260e+00 8.624259794324380834e+00 4.029254087297051967e+01 3.997048901377114305e+01 9.975179747753921689e+00 3.383911291685998179e+01 9.244128677165846852e+00 7.143092117563654142e+00 6.585582586225761759e+00 8.972785966465487206e+00 8.036331812462698565e+00 3.856940405295368635e+01 3.285046699820263427e+01 2.432926768318355926e+01 2.247433267084920772e+01 1.861428669060407515e+01 2.704291822270666046e+01 2.758586154173909222e+01 3.076007454477313274e+01 2.935674867896647910e+01 1.178336322957074955e+01 1.317992628962696600e+01 2.982292626487213383e+01 1.294195568683496944e+01 1.587912963609781691e+01 1.676173383036492481e+01 3.071179937743798405e+01 2.977100411474224728e+01 1.854673232674694106e+01 1.670988372191739657e+01 1.811795694883945629e+01 2.260381195727835291e+01 2.478585019723955085e+01 2.651929080876786671e+01 2.162490409227287103e+01 3.077379463114680291e+01 2.391439085571698087e+01 2.718344413425201012e+01 1.313857134546979566e+01 1.214519493462332100e+01 3.030826040867406945e+01 2.964519443349967531e+01 9.447709987081525540e+00 3.382285421131693681e+01 3.863402421441494283e+01 2.865409890399626391e+01 1.269731660627551584e+01 2.459108954479243891e+01 5.400151479356853024e+00 1.461454744424198715e+01 1.338756206334820398e+01 2.204207279272981523e+01 1.702168240803475996e+01 3.387050104441917142e+01 3.477688985518975784e+01 2.453117799862044990e+01 2.071768628491125597e+01 2.040375154230221355e+01 1.134625951580519754e+01 3.279331977705215451e+01 1.200379919025639275e+01 1.047280272897374864e+01 3.639340816686451063e+01 1.220753726187227173e+01 2.498399855907776868e+01 2.609309943260861786e+01 1.989968225876986452e+01 2.151202989027302337e+01 2.300972290141713117e+01 2.053544440717073982e+01 2.861019444184188032e+01 3.486074051135459939e+01 1.690286061588392741e+01 2.402185465362738981e+01 2.165338453914306882e+01 1.782469012353370275e+01 2.925761796524112412e+01 2.952582125868813279e+01 1.564025696719846081e+01 1.527851579833590989e+01 1.302102492125716005e+01 1.794910925366492549e+01 3.488531136452704828e+01 3.350670316518770875e+01 2.759768937791712773e+01 2.789591299814365044e+01 4.444816492275018760e+01 3.300426749679501626e+01 3.226878046967377855e+01 2.662636762684688563e+01 2.463723219032527467e+01 3.100196408294158346e+01 1.992039487560424860e+01 1.849662944971326439e+01 3.269235560494226434e+01 1.626675250318882959e+01 1.304704273005955883e+01 2.719197852308654717e+01 2.292578655139229582e+01 1.959876725715166046e+01 2.594214351205389235e+01 1.831775152686595476e+01 2.223836833043287697e+01 2.943857584870572808e+01 3.152184026988272336e+01 1.819657671101902707e+01
1.261216948030750018e+01 1.782894918384143068e+01 5.901487439620624720e+00 2.204489342228716708e+01 1.781727310785800356e+01 1.549547769512124695e+01 2.017892031303954781e+01 1.097558226245878998e+01 1.177616856197294837e+01 0.000000000000000000e+00 2.497348594009254352e+00 3.209016361753239721e+01 3.299071651237662195e+01 3.004277878292885262e+01 2.868480308456029704e+01 3.047640380687984063e+01 3.242466326733401871e+01 2.319825900795143880e+01 2.551750844028468279e+01 3.068249202721317559e+01 2.986357915588819978e+01 1.650208195955891810e+01 3.350964035915635009e+01 3.107134198904192957e+01 2.298793157289276579e+01 2.188373176585748681e+01 1.132124251131473791e+01 1.808389653808050568e+01 1.623369129311014092e+01 1.320362726677786824e+01 7.993792779400777704e+00 3.548968912233523554e+01 3.586429408199749247e+01 5.702943187512917511e+00 2.503013226093701249e+01 7.309742881935043179e+00 1.641919684393850076e+01 1.164393619013776693e+01 4.131742731584338024e+00 3.891215876817939012e+00 3.257186790775131158e+01 2.950077134584789462e+01 2.025758006278143952e+01 1.882628298416869939e+01 1.842797180918182320e+01 2.166940456034729223e+01 2.172292745004687475e+01 2.065985125793503840e+01 2.071550981752561427e+01 6.891142793470470096e+00 8.151995277231213421e+00 2.196817591426288985e+01 2.108942054680498046e+01 1.608134633667219049e+01 1.762663861886321470e+01 2.974793170961638467e+01 2.743171912221324860e+01 2.354363493600764912e+01 1.646378030708621765e+01 1.885719273911151461e+01 1.928891228141182879e+01 2.138092701451459732e+01 1.915514372172654589e+01 1.813498511165641958e+01 2.016291184328295216e+01 2.258357000121991476e+01 2.151968171233022886e+01 1.169722774848810154e+01 9.522751388123078087e+00 3.065196132386963512e+01 3.085415766148867078e+01 1.266565300329990862e+01 2.454545988568965598e+01 3.193868677638453235e+01 2.378430066241175211e+01 1.513953503249026511e+01 2.634218367941427630e+01 1.439844026275068423e+01 1.973552256718833320e+01 1.911773218768377092e+01 2.291594503833520591e+01 1.992479314823619418e+01 2.857567687737247653e+01 3.017102838817397625e+01 1.738053382379263923e+01 1.167909598385080194e+01 2.251244866734847250e+01 2.058592089268779901e+01 2.880896724979914936e+01 2.060259277372632170e+01 5.458414513391228517e+00 3.282862686741557923e+01 6.659736331117019681e+00 2.687078238533444363e+01 2.874540036249277719e+01 2.511539257109074086e+01 1.616174755402397878e+01 1.836256937359257435e+01 1.963721245492852674e+01 2.098112060877588192e+01 2.975508482595873971e+01 1.312611324802585955e+01 2.574325008618763988e+01 2.355274739812746176e+01 1.468396322523316400e+01 3.221528893243082337e+01 3.301396484822748789e+01 8.593173569758729258e+00 1.006029676500648762e+01 1.503557428234784865e+01 8.193277061103206194e+00 2.891685233561910451e+01 2.695694098001477812e+01 2.021041120313983086e+01 2.132952029465266719e+01 4.055958070542642702e+01 2.847848681022220418e+01 2.739915551618334177e+01 1.741249221105353229e+01 1.518758064999162194e+01 2.598449389539846521e+01 1.684611996870496142e+01 1.689541242467906912e+01 2.663610363773200262e+01 1.872904618500365359e+01 6.890973661247008053e+00 1.830089751897430972e+01 1.221440334195657584e+01 2.067996025141247785e+01 2.283126317136220251e+01 1.677271316752301900e+01 1.562738525793742816e+01 2.464187756645178951e+01 2.675764485151860228e+01 1.509010715667718472e+01
1.025518156835850547e+01 1.676845457995458943e+01 7.000333849181765267e+00 2.027799092612480791e+01 1.922904253986661871e+01 1.681360368868018895e+01 1.818680496953766834e+01 1.230695835696213081e+01 1.335812838686617887e+01 2.497348594009254352e+00 0.000000000000000000e+00 3.055690931687954759e+01 3.401701947555076799e+01 3.142295799252514499e+01 2.993619805519732324e+01 2.827189567397276448e+01 3.022038586782107927e+01 2.104473950896042922e+01 2.331228922692921657e+01 2.936142355200101761e+01 2.839607659519181126e+01 1.417968472851212525e+01 3.209713614950717187e+01 2.962875409125399173e+01 2.098242335861137065e+01 2.188974997573064840e+01 1.233016698994786609e+01 1.867162933436715377e+01 1.706694896576421172e+01 1.486036961182325378e+01 7.944270702839877352e+00 3.452949542058210142e+01 3.502351076063049362e+01 7.575129635854425558e+00 2.256383302987326900e+01 9.516448759910391075e+00 1.771674177155608021e+01 1.247620623426849207e+01 4.734149765269366483e+00 5.670817313227432876e+00 3.144831424734877601e+01 2.752631653527220479e+01 1.929372981048506475e+01 1.780470030637977175e+01 1.899247516781317202e+01 1.960888533293007185e+01 1.951315066820322741e+01 1.840240076729120489e+01 1.881275261624412209e+01 5.807716676973834424e+00 6.994671757845395632e+00 2.010775822910152399e+01 2.185578799769067970e+01 1.500592383027449550e+01 1.787735755082389133e+01 3.009964466567670272e+01 2.660648751714513693e+01 2.479722988561423946e+01 1.556045102174098282e+01 1.801482250814589747e+01 1.898535101071349729e+01 2.112423750103184261e+01 1.692506286546670324e+01 1.618056256747582822e+01 1.871005702824018258e+01 2.187075252477609766e+01 2.048060382410636038e+01 1.346994294716944829e+01 1.114187569487292429e+01 3.083537012912282194e+01 3.121202567921537252e+01 1.245416034905605329e+01 2.324556002766980356e+01 3.073706096880442118e+01 2.247006466390339696e+01 1.562814195609958112e+01 2.679300283656163728e+01 1.590058143590982098e+01 2.026853287734462583e+01 1.994676901154670645e+01 2.302514805598435288e+01 1.997042948962290154e+01 2.622694250193872634e+01 2.787356651022613718e+01 1.609748458610847521e+01 1.102721492490284128e+01 2.168443683843322844e+01 2.203689408696243390e+01 2.761788033140848952e+01 2.181212160703309877e+01 6.147614903358862293e+00 3.213537969279342121e+01 6.378947718863981819e+00 2.702926351197901056e+01 2.890981971579898868e+01 2.675085400505935596e+01 1.554097210601704937e+01 1.789073754768092073e+01 1.879613196910470663e+01 1.854375420458327639e+01 2.856612558608534869e+01 1.323713182679692046e+01 2.537013293224928745e+01 2.331596075652899458e+01 1.508409155368661914e+01 3.286222224682926196e+01 3.382992203656402808e+01 8.664320977433835225e+00 1.011118474759511088e+01 1.608436060277187707e+01 9.278625167555807352e+00 2.691825111332457965e+01 2.490160053088957781e+01 1.876014949300778056e+01 1.984872504721650799e+01 3.978988254569243566e+01 2.685716628760376423e+01 2.563197489465062873e+01 1.541298922986712405e+01 1.309392599643055632e+01 2.504081398437359240e+01 1.732354242064826622e+01 1.764385725968105589e+01 2.497585091643525956e+01 1.906689751899872931e+01 7.550355620763832043e+00 1.674041940932186279e+01 1.013126541948240522e+01 2.092648842973899548e+01 2.103354040574244266e+01 1.616316506752313131e+01 1.436792622475491221e+01 2.247085984113647328e+01 2.453786237633588030e+01 1.452176731668704157e+01
